0 2.37e-07
5000 0.248418
10000 1.01379
15000 2.2912
20000 3.84153
25000 5.97883
30000 9.40806
35000 12.0083
40000 15.4044
45000 19.3807
50000 23.5421
55000 28.9642
60000 34.6288
65000 40.3673
70000 47.1257
75000 53.4946
80000 61.2863
85000 69.454
90000 77.1236
95000 87.5341
100000 99.5631
105000 110.358
110000 116.241
115000 125.19
120000 140.443
125000 148.874
130000 162.226
135000 177.79
140000 190.108
145000 262.83
150000 246.577
155000 241.81
160000 248.861
165000 277.59
170000 297.446
175000 342.046
180000 324.269
185000 355.253
190000 404.133
195000 400.634
200000 424.217
