0 1.32e-07
5000 0.250845
10000 0.938206
15000 2.2017
20000 3.84128
25000 6.2552
30000 8.74868
35000 11.7931
40000 15.3736
45000 23.1965
50000 24.6307
55000 29.8118
60000 36.7966
65000 45.6014
70000 47.0973
75000 53.5542
80000 62.4829
85000 70.1708
90000 77.4857
95000 86.5592
100000 95.6595
105000 106.342
110000 116.539
115000 128.409
120000 138.444
125000 152.427
130000 245.257
135000 178.952
140000 214.671
145000 211.348
150000 217.359
155000 237.036
160000 272.323
165000 268.945
170000 312.743
175000 313.563
180000 337.757
185000 397.547
190000 383.274
195000 391.171
200000 393.936
