0 8.2e-07
5000 0.262919
10000 1.06542
15000 2.22753
20000 3.87493
25000 6.32305
30000 9.20541
35000 14.7692
40000 17.6116
45000 19.7884
50000 24.5684
55000 32.7205
60000 38.2788
65000 44.6652
70000 46.5665
75000 53.991
80000 60.9866
85000 67.9374
90000 78.3686
95000 85.7655
100000 95.8789
105000 105.314
110000 119.475
115000 126.485
120000 138.835
125000 161.711
130000 198.54
135000 178.107
140000 198.015
145000 212.097
150000 216.019
155000 236.053
160000 261.742
165000 270.11
170000 288.318
175000 310.744
180000 341.779
185000 369.756
190000 379.529
195000 396.844
200000 395.625
